A = [1:5; 6:10; 11:15; 16:20];
B=[1,1,1,1];
C=[1;1;1;1;1];
mul=B*A;
result=mul*C